# For dotfiles
export XDG_CONFIG_HOME="$HOME/.config"
# For specific data
export XDG_DATA_HOME="$XDG_CONFIG_HOME/local/share"
# For cached files
export XDG_CACHE_HOME="$XDG_CONFIG_HOME/cache"


export EDITOR="nvim"
export VISUAL="nvim"

export ZDOTDIR="$XDG_CONFIG_HOME/zsh"
# History filepath
export HISTFILE="$ZDOTDIR/.zhistory"
# Maximum events for internal history
export HISTSIZE=500000
# Maximum events in history file
export SAVEHIST=500000

export DOTFILES="$HOME/dotfiles"

export FZF_DEFAULT_COMMAND="rg --files --follow --hidden --glob '!.git'"
export FZF_CTRL_T_COMMAND="$FZF_DEFAULT_COMMAND"

export LS_COLORS="fi=0:sg=0:*~=0;38;2;107;112;137:ex=1;38;2;226;120;120:bd=0;38;2;137;184;194;48;2;54;56;74:mh=0:no=0:ln=0;38;2;173;160;211:mi=0;38;2;30;33;50;48;2;226;120;120:do=0;38;2;30;33;50;48;2;173;160;211:ca=0:su=0:ow=0:tw=0:di=0;38;2;132;160;198:st=0:so=0;38;2;30;33;50;48;2;173;160;211:pi=0;38;2;30;33;50;48;2;132;160;198:rs=0:cd=0;38;2;173;160;211;48;2;54;56;74:or=0;38;2;30;33;50;48;2;226;120;120:*.p=0;38;2;180;190;130:*.d=0;38;2;180;190;130:*.t=0;38;2;180;190;130:*.m=0;38;2;180;190;130:*.h=0;38;2;180;190;130:*.c=0;38;2;180;190;130:*.z=4;38;2;137;184;194:*.a=1;38;2;226;120;120:*.r=0;38;2;180;190;130:*.o=0;38;2;107;112;137:*.el=0;38;2;180;190;130:*.jl=0;38;2;180;190;130:*.go=0;38;2;180;190;130:*.7z=4;38;2;137;184;194:*.lo=0;38;2;107;112;137:*.ts=0;38;2;180;190;130:*.la=0;38;2;107;112;137:*.ps=0;38;2;226;120;120:*.ko=1;38;2;226;120;120:*.vb=0;38;2;180;190;130:*.hh=0;38;2;180;190;130:*.md=0;38;2;226;164;120:*.cr=0;38;2;180;190;130:*.as=0;38;2;180;190;130:*.cs=0;38;2;180;190;130:*.mn=0;38;2;180;190;130:*.wv=0;38;2;173;160;211:*.pl=0;38;2;180;190;130:*.py=0;38;2;180;190;130:*.xz=4;38;2;137;184;194:*.so=1;38;2;226;120;120:*.ml=0;38;2;180;190;130:*.js=0;38;2;180;190;130:*css=0;38;2;180;190;130:*.rm=0;38;2;173;160;211:*.hi=0;38;2;107;112;137:*.rb=0;38;2;180;190;130:*.ll=0;38;2;180;190;130:*.cp=0;38;2;180;190;130:*.td=0;38;2;180;190;130:*.hs=0;38;2;180;190;130:*.ui=0;38;2;226;164;120:*.nb=0;38;2;180;190;130:*.kt=0;38;2;180;190;130:*.ex=0;38;2;180;190;130:*.gz=4;38;2;137;184;194:*.sh=0;38;2;180;190;130:*.rs=0;38;2;180;190;130:*.bc=0;38;2;107;112;137:*.gv=0;38;2;180;190;130:*.fs=0;38;2;180;190;130:*.di=0;38;2;180;190;130:*.pm=0;38;2;180;190;130:*.pp=0;38;2;180;190;130:*.cc=0;38;2;180;190;130:*.bz=4;38;2;137;184;194:*.toc=0;38;2;107;112;137:*.ppt=0;38;2;226;120;120:*.vim=0;38;2;180;190;130:*.flv=0;38;2;173;160;211:*.def=0;38;2;180;190;130:*.mli=0;38;2;180;190;130:*.exs=0;38;2;180;190;130:*.bag=4;38;2;137;184;194:*.erl=0;38;2;180;190;130:*.tgz=4;38;2;137;184;194:*TODO=1:*.dot=0;38;2;180;190;130:*.clj=0;38;2;180;190;130:*.tif=0;38;2;173;160;211:*.doc=0;38;2;226;120;120:*.swf=0;38;2;173;160;211:*.aux=0;38;2;107;112;137:*.pas=0;38;2;180;190;130:*.m4v=0;38;2;173;160;211:*.pyd=0;38;2;107;112;137:*.zip=4;38;2;137;184;194:*.eps=0;38;2;173;160;211:*.bat=1;38;2;226;120;120:*.bak=0;38;2;107;112;137:*.svg=0;38;2;173;160;211:*.idx=0;38;2;107;112;137:*.fsi=0;38;2;180;190;130:*.mp4=0;38;2;173;160;211:*.png=0;38;2;173;160;211:*.htc=0;38;2;180;190;130:*.ilg=0;38;2;107;112;137:*.img=4;38;2;137;184;194:*.php=0;38;2;180;190;130:*.fnt=0;38;2;173;160;211:*.tcl=0;38;2;180;190;130:*.tar=4;38;2;137;184;194:*.ods=0;38;2;226;120;120:*.ind=0;38;2;107;112;137:*.sxw=0;38;2;226;120;120:*.lua=0;38;2;180;190;130:*.pyc=0;38;2;107;112;137:*.kex=0;38;2;226;120;120:*.tbz=4;38;2;137;184;194:*.wav=0;38;2;173;160;211:*.txt=0;38;2;226;164;120:*.awk=0;38;2;180;190;130:*.iso=4;38;2;137;184;194:*.avi=0;38;2;173;160;211:*.arj=4;38;2;137;184;194:*.sxi=0;38;2;226;120;120:*.bin=4;38;2;137;184;194:*.kts=0;38;2;180;190;130:*.mp3=0;38;2;173;160;211:*.ppm=0;38;2;173;160;211:*.h++=0;38;2;180;190;130:*.epp=0;38;2;180;190;130:*.xlr=0;38;2;226;120;120:*.mpg=0;38;2;173;160;211:*.m4a=0;38;2;173;160;211:*.cxx=0;38;2;180;190;130:*.nix=0;38;2;226;164;120:*.apk=4;38;2;137;184;194:*.bib=0;38;2;226;164;120:*.xml=0;38;2;226;164;120:*.htm=0;38;2;226;164;120:*.yml=0;38;2;226;164;120:*.wma=0;38;2;173;160;211:*.vcd=4;38;2;137;184;194:*.pro=0;38;2;180;190;130:*.swp=0;38;2;107;112;137:*.sql=0;38;2;180;190;130:*.ps1=0;38;2;180;190;130:*.aif=0;38;2;173;160;211:*.ttf=0;38;2;173;160;211:*.pyo=0;38;2;107;112;137:*.gvy=0;38;2;180;190;130:*.tsx=0;38;2;180;190;130:*.ics=0;38;2;226;120;120:*.odt=0;38;2;226;120;120:*.pkg=4;38;2;137;184;194:*.dll=1;38;2;226;120;120:*.gif=0;38;2;173;160;211:*.pgm=0;38;2;173;160;211:*.cpp=0;38;2;180;190;130:*.fon=0;38;2;173;160;211:*.csv=0;38;2;226;164;120:*.jpg=0;38;2;173;160;211:*.rtf=0;38;2;226;120;120:*.pbm=0;38;2;173;160;211:*.tml=0;38;2;226;164;120:*.c++=0;38;2;180;190;130:*.git=0;38;2;107;112;137:*.bmp=0;38;2;173;160;211:*.mov=0;38;2;173;160;211:*.exe=1;38;2;226;120;120:*.ini=0;38;2;226;164;120:*.ipp=0;38;2;180;190;130:*hgrc=0;38;2;180;190;130:*.xls=0;38;2;226;120;120:*.csx=0;38;2;180;190;130:*.pdf=0;38;2;226;120;120:*.rar=4;38;2;137;184;194:*.fls=0;38;2;107;112;137:*.jar=4;38;2;137;184;194:*.dpr=0;38;2;180;190;130:*.rpm=4;38;2;137;184;194:*.hxx=0;38;2;180;190;130:*.log=0;38;2;107;112;137:*.odp=0;38;2;226;120;120:*.blg=0;38;2;107;112;137:*.inc=0;38;2;180;190;130:*.hpp=0;38;2;180;190;130:*.rst=0;38;2;226;164;120:*.bbl=0;38;2;107;112;137:*.deb=4;38;2;137;184;194:*.inl=0;38;2;180;190;130:*.ico=0;38;2;173;160;211:*.bcf=0;38;2;107;112;137:*.cgi=0;38;2;180;190;130:*.sty=0;38;2;107;112;137:*.ogg=0;38;2;173;160;211:*.xcf=0;38;2;173;160;211:*.bsh=0;38;2;180;190;130:*.sbt=0;38;2;180;190;130:*.out=0;38;2;107;112;137:*.cfg=0;38;2;226;164;120:*.mkv=0;38;2;173;160;211:*.fsx=0;38;2;180;190;130:*.dox=0;38;2;180;190;130:*.otf=0;38;2;173;160;211:*.vob=0;38;2;173;160;211:*.bz2=4;38;2;137;184;194:*.pod=0;38;2;180;190;130:*.dmg=4;38;2;137;184;194:*.mir=0;38;2;180;190;130:*.bst=0;38;2;226;164;120:*.ltx=0;38;2;180;190;130:*.xmp=0;38;2;226;164;120:*.asa=0;38;2;180;190;130:*.zsh=0;38;2;180;190;130:*.com=1;38;2;226;120;120:*.mid=0;38;2;173;160;211:*.tmp=0;38;2;107;112;137:*.wmv=0;38;2;173;160;211:*.zst=4;38;2;137;184;194:*.elm=0;38;2;180;190;130:*.pps=0;38;2;226;120;120:*.psd=0;38;2;173;160;211:*.tex=0;38;2;180;190;130:*.pid=0;38;2;107;112;137:*.mpeg=0;38;2;173;160;211:*.fish=0;38;2;180;190;130:*.orig=0;38;2;107;112;137:*.json=0;38;2;226;164;120:*.xlsx=0;38;2;226;120;120:*.epub=0;38;2;226;120;120:*.less=0;38;2;180;190;130:*.yaml=0;38;2;226;164;120:*.psd1=0;38;2;180;190;130:*.h264=0;38;2;173;160;211:*.hgrc=0;38;2;180;190;130:*.toml=0;38;2;226;164;120:*.lock=0;38;2;107;112;137:*.webm=0;38;2;173;160;211:*.make=0;38;2;180;190;130:*.purs=0;38;2;180;190;130:*.tbz2=4;38;2;137;184;194:*.diff=0;38;2;180;190;130:*.tiff=0;38;2;173;160;211:*.html=0;38;2;226;164;120:*.dart=0;38;2;180;190;130:*.rlib=0;38;2;107;112;137:*.lisp=0;38;2;180;190;130:*.java=0;38;2;180;190;130:*.flac=0;38;2;173;160;211:*.jpeg=0;38;2;173;160;211:*.opus=0;38;2;173;160;211:*.bash=0;38;2;180;190;130:*.docx=0;38;2;226;120;120:*.conf=0;38;2;226;164;120:*.pptx=0;38;2;226;120;120:*.psm1=0;38;2;180;190;130:*.cabal=0;38;2;180;190;130:*.xhtml=0;38;2;226;164;120:*.ipynb=0;38;2;180;190;130:*README=0;38;2;22;24;33;48;2;226;164;120:*shadow=0;38;2;226;164;120:*.cache=0;38;2;107;112;137:*.cmake=0;38;2;180;190;130:*.scala=0;38;2;180;190;130:*.mdown=0;38;2;226;164;120:*.toast=4;38;2;137;184;194:*.swift=0;38;2;180;190;130:*.shtml=0;38;2;226;164;120:*.patch=0;38;2;180;190;130:*passwd=0;38;2;226;164;120:*.class=0;38;2;107;112;137:*.dyn_o=0;38;2;107;112;137:*.flake8=0;38;2;180;190;130:*.dyn_hi=0;38;2;107;112;137:*.groovy=0;38;2;180;190;130:*TODO.md=1:*INSTALL=0;38;2;22;24;33;48;2;226;164;120:*LICENSE=0;38;2;130;133;151:*.matlab=0;38;2;180;190;130:*.ignore=0;38;2;180;190;130:*.gradle=0;38;2;180;190;130:*.config=0;38;2;226;164;120:*COPYING=0;38;2;130;133;151:*.gemspec=0;38;2;180;190;130:*.desktop=0;38;2;226;164;120:*Makefile=0;38;2;180;190;130:*TODO.txt=1:*Doxyfile=0;38;2;180;190;130:*setup.py=0;38;2;180;190;130:*.markdown=0;38;2;226;164;120:*.fdignore=0;38;2;180;190;130:*.kdevelop=0;38;2;180;190;130:*configure=0;38;2;180;190;130:*.DS_Store=0;38;2;107;112;137:*README.md=0;38;2;22;24;33;48;2;226;164;120:*.cmake.in=0;38;2;180;190;130:*COPYRIGHT=0;38;2;130;133;151:*.rgignore=0;38;2;180;190;130:*Dockerfile=0;38;2;226;164;120:*SConstruct=0;38;2;180;190;130:*INSTALL.md=0;38;2;22;24;33;48;2;226;164;120:*.gitconfig=0;38;2;180;190;130:*README.txt=0;38;2;22;24;33;48;2;226;164;120:*CODEOWNERS=0;38;2;180;190;130:*.localized=0;38;2;107;112;137:*.scons_opt=0;38;2;107;112;137:*SConscript=0;38;2;180;190;130:*.gitignore=0;38;2;180;190;130:*Makefile.am=0;38;2;180;190;130:*LICENSE-MIT=0;38;2;130;133;151:*MANIFEST.in=0;38;2;180;190;130:*.travis.yml=0;38;2;180;190;130:*Makefile.in=0;38;2;107;112;137:*.gitmodules=0;38;2;180;190;130:*INSTALL.txt=0;38;2;22;24;33;48;2;226;164;120:*.synctex.gz=0;38;2;107;112;137:*appveyor.yml=0;38;2;180;190;130:*.applescript=0;38;2;180;190;130:*CONTRIBUTORS=0;38;2;22;24;33;48;2;226;164;120:*configure.ac=0;38;2;180;190;130:*.fdb_latexmk=0;38;2;107;112;137:*.clang-format=0;38;2;180;190;130:*LICENSE-APACHE=0;38;2;130;133;151:*CMakeCache.txt=0;38;2;107;112;137:*CMakeLists.txt=0;38;2;180;190;130:*.gitattributes=0;38;2;180;190;130:*CONTRIBUTORS.md=0;38;2;22;24;33;48;2;226;164;120:*.sconsign.dblite=0;38;2;107;112;137:*requirements.txt=0;38;2;180;190;130:*CONTRIBUTORS.txt=0;38;2;22;24;33;48;2;226;164;120:*package-lock.json=0;38;2;107;112;137:*.CFUserTextEncoding=0;38;2;107;112;137"


